# Plot results from renaissance 
# X           Y   values0	0
1	0.126622
2	0.262847
3	0.417637
4	0.598718
5	0.812076
6	1.06157
7	1.34871
8	1.67259
9	2.03001
10	2.41575
11	2.823
12	3.24394
13	3.67031
14	4.09413
15	4.50831
16	4.90727
17	5.28736
18	5.64725
19	5.98806
20	6.31329
21	6.6286
22	6.94138
23	7.26013
24	7.59371
25	7.9505
26	8.33755
27	8.75973
28	9.21892
29	9.71338
30	10.2373
31	10.7806
32	11.3288
33	11.8636
34	12.363
35	12.8027
36	13.1564
37	13.3974
38	13.5002
39	13.4409
40	13.1994
41	12.7601
42	12.1131
43	11.2551
44	10.1895
45	8.92712
46	7.48571
47	5.88964
48	4.16909
49	2.35897
50	0.497652
51	-1.37451
52	-3.21676
53	-4.98947
54	-6.65572
55	-8.18267
56	-9.54276
57	-10.7146
58	-11.6838
59	-12.4428
60	-12.9915
61	-13.3364
62	-13.4902
63	-13.4708
64	-13.3001
65	-13.0029
66	-12.6056
67	-12.1347
68	-11.6157
69	-11.0721
70	-10.5242
71	-9.98843
72	-9.47734
73	-8.99896
74	-8.55715
75	-8.15187
76	-7.77977
77	-7.43485
78	-7.10932
79	-6.79447
80	-6.48151
81	-6.16237
82	-5.83042
83	-5.48095
84	-5.11157
85	-4.72232
86	-4.31564
87	-3.89614
88	-3.47017
89	-3.04532
90	-2.62979
91	-2.2317
92	-1.85848
93	-1.51626
94	-1.20935
95	-0.939898
96	-0.707687
97	-0.510085
98	-0.342197
99	-0.197165
100	-0.066614
101	0.0587972
102	0.188752
103	0.332631
104	0.498886
105	0.694483
106	0.92445
107	1.19156
108	1.49619
109	1.83633
110	2.20779
111	2.60455
112	3.01923
113	3.44375
114	3.86987
115	4.28998
116	4.6976
117	5.08803
118	5.45867
119	5.80932
120	6.14224
121	6.462
122	6.77512
123	7.08961
124	7.41421
125	7.75769
126	8.12791
127	8.53101
