Matrix Multiply Results for 8 by 8

Sample matrix
P2
8 8
64 128 128 128 128 128 128 128
0 64 128 128 128 128 128 128
0 0 64 128 128 128 128 128
0 0 0 64 128 128 128 128
0 0 0 0 64 128 128 128
0 0 0 0 0 64 128 128
0 0 0 0 0 0 64 128
0 0 0 0 0 0 0 64


Wavelet transform of sample
P2
8 8
255
893 1021 1021 511 128 0 0 -510 
128 893 1021 511 128 128 0 -510 
0 128 893 511 0 128 128 -510 
0 0 128 511 0 0 128 -255 
-127 1 1 1 128 0 0 0 
-127 -127 1 1 -127 128 0 0 
0 -127 -127 1 0 -127 128 0 
0 0 -127 1 0 0 -127 256 

result in wavelet space
P2
8 8
255
3571 7651 11731 6886 1021 1021 1021 -6885 
766 4081 8161 5101 511 1021 1021 -5100 
0 766 4081 3061 0 511 1021 -3060 
0 0 766 1276 0 0 511 -1020 
-510 -509 -509 -254 1 1 1 255 
-510 -1020 -1020 -510 -255 1 1 511 
1 -510 -1020 -510 1 -255 1 511 
0 1 -510 -255 0 1 -255 511 


Results in conventional multiplication
P2
8 8
255
1530 2550 3570 4590 5610 6630 7140 0 
1020 2040 3060 4080 5100 6120 6630 0 
255 1020 2040 3060 4080 5100 5610 0 
0 255 1020 2040 3060 4080 4590 0 
0 0 255 1020 2040 3060 3570 0 
0 0 0 255 1020 2040 2550 0 
0 0 0 0 255 1020 1530 0 
0 0 0 0 0 255 765 255 

Results from wavelet based multiplication 
P2
8 8
255
1531 2551 3571 4591 5611 6631 7141 1 
1021 2041 3061 4081 5101 6121 6631 0 
256 1021 2041 3061 4081 5101 5611 1 
0 256 1021 2041 3061 4081 4591 1 
0 0 256 1021 2041 3061 3571 0 
0 0 0 256 1021 2041 2551 0 
0 0 0 0 256 1021 1531 0 
0 0 0 0 0 256 766 256 


