Matrix Multiply Results for 8 by 8

Sample matrix
P2
8 8
64 128 128 128 128 128 128 128
0 64 128 128 128 128 128 128
0 0 64 128 128 128 128 128
0 0 0 64 128 128 128 128
0 0 0 0 64 128 128 128
0 0 0 0 0 64 128 128
0 0 0 0 0 0 64 128
0 0 0 0 0 0 0 64


Wavelet transform of sample
P2
8 8
255
1467 1531 192 -510 447 -510 -63 -510 
64 1021 64 -255 64 0 64 -510 
-191 1 64 0 64 0 64 0 
-63 -127 -63 128 -63 128 -63 128 
-446 1 64 1 319 1 64 1 
-63 -382 -63 128 -63 383 -63 128 
-63 1 -63 0 -63 1 192 0 
64 0 64 1 64 1 64 256 


result in wavelet space
P2
8 8
255
8033 15938 1786 -4972 3698 -3952 256 -7012 
383 4591 256 -1275 383 -255 256 -2805 
-1275 -1147 -127 383 -255 383 128 383 
-255 -1147 -127 383 -255 383 -127 638 
-3187 -2677 -255 893 -382 893 256 893 
-382 -2550 -255 766 -382 766 -255 1276 
-255 -382 -127 128 -255 128 128 128 
256 383 128 -127 256 -127 128 128 


Results in conventional multiplication
P2
8 8
255
1530 2550 3570 4590 5610 6630 7140 0 
1020 2040 3060 4080 5100 6120 6630 0 
255 1020 2040 3060 4080 5100 5610 0 
0 255 1020 2040 3060 4080 4590 0 
0 0 255 1020 2040 3060 3570 0 
0 0 0 255 1020 2040 2550 0 
0 0 0 0 255 1020 1530 0 
0 0 0 0 0 255 765 255 


Results from wavelet based multiplication 
P2
8 8
255
1531 2551 3571 4591 5611 6631 7141 1 
1021 2041 3061 4081 5101 6121 6631 1 
256 1021 2041 3061 4081 5101 5611 1 
1 256 1021 2041 3061 4081 4591 0 
1 1 256 1021 2041 3061 3571 0 
1 1 0 256 1020 2041 2551 0 
0 1 0 0 256 1021 1531 0 
0 0 0 0 0 256 766 256 
