Matrix Multiply Results for 8 by 8

Sample matrix
P2
8 8
64 128 128 128 128 128 128 128
128 64 128 128 128 128 128 128
128 128 64 128 128 128 128 128
128 128 128 64 128 128 128 128
128 128 128 128 64 128 128 128
128 128 128 128 128 64 128 128
128 128 128 128 128 128 64 128
128 128 128 128 128 128 128 64


Wavelet transform of sample
P2
8 8
255
893 1021 1021 1021 128 0 0 0 
893 893 1021 1021 -127 128 0 0 
1021 893 893 1021 0 -127 128 0 
1021 1021 893 766 0 0 -127 0 
-127 1 1 1 128 0 0 0 
128 -127 1 1 128 128 0 0 
1 128 -127 1 0 128 128 0 
1 1 128 -255 0 0 128 0 

result in wavelet space
P2
8 8
255
14791 14791 14791 14791 0 0 0 0 
14536 14281 14281 14281 1 0 0 0 
14281 14536 14281 14281 0 1 0 0 
13771 13771 14026 14026 0 0 1 0 
-509 -509 -509 -509 0 1 1 0 
1 1 1 1 256 0 1 0 
1 1 1 1 1 256 0 0 
-509 -509 -509 -254 1 1 256 0 

Results in conventional multiplication
P2
8 8
255
7650 7650 7650 7650 7650 7650 7650 7650 
7140 7140 7140 7140 7140 7140 7140 7140 
7395 7140 7140 7140 7140 7140 7140 7140 
7140 7395 7140 7140 7140 7140 7140 7140 
7140 7140 7395 7140 7140 7140 7140 7140 
7140 7140 7140 7395 7140 7140 7140 7140 
7140 7140 7140 7140 7395 7140 7140 7140 
6630 6630 6630 6630 6630 6885 6885 6885 

Results from wavelet based multiplication 
P2
8 8
255
7651 7651 7651 7651 7651 7651 7651 7651 
7141 7141 7141 7141 7141 7141 7141 7141 
7396 7141 7141 7141 7141 7141 7141 7141 
7141 7396 7141 7141 7141 7141 7141 7141 
7141 7141 7396 7141 7141 7141 7141 7141 
7141 7141 7141 7396 7141 7141 7141 7141 
7141 7141 7141 7141 7396 7141 7141 7141 
6631 6631 6631 6631 6631 6886 6886 6886 
